53
53
60
69
88
114
133
157
202
202
252
293
335
483
611
924
1063
1279
1536
1733
2102
2355
3006
3879
4643
5708
6447
7482
8155
9191
10701
12026
13438
14336
15865
16957
18309
19472
20615
21794
22348
23338
24424
26182
27528
28963
30333
30978
33261
35396
37369
39254
41137
42164
43464
45031
46500
48917
50442
52197
53616
54937
56212
58815
60614
62512
64561
66680
67939
69382
71141
73164
74936
76793
78839
80430
81795
84057
86197
88444
90631
92710
94558
96733
98980
101697
103886
106878
110583
113006
115310
117687
119807
122901
126016
128812
131319
133489
136191
139281
141983
145643
148855
151452
153560
157015
161099
165416
169309
173824
178054
183073
190222
195571
200461
206433
211243
216550
222917
232657
240195
248235
254745
260155
271684
277774
289468
296499
304297
312344
320804
329162
336508
347634
